Solution 1:
  Features: [2, 3, 4, 9, 11, 12, 13, 19, 21, 23, 28, 29, 34, 35, 37, 38, 39, 40, 47, 51, 52, 53, 55, 58, 62, 64, 67, 68, 70, 73, 75, 76, 78, 80, 81, 83, 87, 90, 91, 92, 94, 96, 101, 102, 103, 105, 108, 112, 114, 115, 116, 119, 120, 122, 124, 125, 126, 127, 130, 131, 132, 133, 137, 138, 139, 140, 141, 143, 146, 148, 150, 152, 155, 156, 157, 163, 167, 171, 172, 173, 175, 180, 182, 184, 185, 186, 188, 191, 197, 202, 204, 205, 206, 210, 211, 213, 214, 215, 217, 218, 219, 220, 223, 224, 226, 228, 231, 234, 236, 239, 241, 244, 245, 246, 249, 250, 253, 254, 256, 259, 260, 262, 264, 266, 269, 270, 271, 272, 276, 278, 280, 282, 287, 290, 292, 295, 297, 299, 300, 301, 302, 303, 306, 308, 309, 314, 315, 316, 319, 320, 321, 322, 325, 329, 333, 334, 336, 337, 340, 341, 344, 353, 354, 356, 361, 364, 367, 370, 371, 372, 374, 375, 377, 380, 381, 382, 386, 387, 389, 390, 392, 396, 397, 399, 402, 403, 404, 405, 407, 408, 414, 415, 416, 417, 418, 420, 424, 425, 426, 427, 428, 436, 437, 442, 443, 444, 445, 447, 448, 450, 457, 462, 466, 467, 473, 475, 478, 485, 489, 490, 491, 499, 504, 505, 507, 510, 511, 512, 515, 517, 519, 522, 523, 524, 527, 528, 530, 531, 532, 533, 534, 536, 537, 538, 541, 542, 545, 547, 548, 552, 553, 557, 559, 561, 564, 565, 566, 567, 568, 569, 570, 571, 572, 573, 575, 578, 579, 580, 587, 590, 591, 593, 596, 597, 599, 600, 601, 602, 603, 606, 608, 609, 610, 611, 612, 613]
  Score: 0.5866

Solution 2:
  Features: [1, 2, 4, 6, 8, 9, 10, 11, 16, 18, 19, 20, 21, 23, 24, 26, 30, 31, 33, 39, 41, 42, 43, 44, 45, 46, 48, 50, 52, 53, 55, 58, 59, 63, 64, 66, 68, 71, 72, 73, 74, 79, 80, 82, 87, 88, 90, 91, 93, 97, 99, 103, 105, 108, 112, 114, 115, 117, 118, 119, 120, 123, 126, 128, 131, 132, 135, 136, 139, 142, 143, 145, 146, 147, 149, 154, 158, 159, 160, 161, 162, 165, 167, 171, 172, 174, 175, 180, 182, 184, 191, 192, 193, 195, 197, 200, 201, 202, 204, 206, 207, 208, 210, 212, 214, 223, 224, 225, 229, 231, 233, 234, 235, 237, 243, 245, 246, 247, 248, 250, 252, 254, 255, 257, 258, 259, 264, 267, 269, 271, 272, 276, 277, 280, 284, 285, 286, 290, 293, 296, 297, 298, 299, 300, 301, 302, 303, 312, 313, 314, 315, 317, 319, 320, 321, 322, 326, 329, 333, 334, 336, 337, 340, 341, 344, 353, 354, 356, 359, 361, 364, 366, 368, 371, 372, 373, 376, 377, 379, 381, 382, 386, 390, 391, 392, 393, 396, 397, 398, 399, 401, 403, 404, 406, 409, 410, 413, 414, 415, 419, 420, 421, 427, 429, 432, 436, 439, 440, 441, 442, 443, 444, 448, 451, 456, 458, 460, 461, 463, 464, 465, 467, 471, 473, 474, 480, 481, 482, 483, 485, 486, 488, 489, 490, 493, 494, 497, 499, 502, 504, 505, 506, 507, 509, 510, 513, 514, 519, 520, 521, 522, 525, 527, 528, 529, 535, 536, 538, 540, 541, 552, 553, 554, 559, 560, 563, 564, 566, 569, 570, 571, 572, 576, 582, 586, 591, 594, 596, 597, 600, 601, 602, 603, 605, 607, 608, 611, 612, 613]
  Score: 0.7386

Solution 3:
  Features: [1, 2, 4, 6, 8, 9, 10, 11, 16, 18, 19, 20, 21, 23, 24, 26, 30, 31, 33, 39, 41, 42, 43, 44, 45, 46, 48, 50, 52, 53, 55, 58, 59, 63, 64, 66, 68, 71, 72, 73, 74, 79, 80, 82, 87, 88, 90, 91, 93, 97, 99, 103, 105, 107, 110, 111, 117, 118, 119, 120, 123, 126, 128, 131, 132, 135, 136, 139, 142, 143, 145, 146, 147, 149, 154, 158, 159, 160, 161, 162, 165, 167, 171, 172, 174, 175, 180, 182, 184, 191, 192, 193, 195, 197, 200, 201, 202, 204, 206, 207, 208, 210, 212, 214, 223, 224, 225, 229, 231, 233, 234, 235, 237, 243, 245, 246, 247, 248, 250, 252, 254, 255, 257, 258, 259, 264, 267, 269, 271, 272, 276, 277, 280, 284, 285, 286, 290, 293, 296, 297, 298, 299, 300, 301, 302, 303, 312, 313, 314, 315, 317, 319, 320, 321, 322, 326, 329, 333, 334, 336, 337, 340, 341, 344, 353, 354, 356, 359, 361, 364, 366, 368, 371, 372, 373, 376, 377, 379, 381, 382, 386, 390, 391, 392, 393, 396, 397, 398, 399, 401, 403, 404, 406, 409, 410, 413, 414, 415, 419, 420, 421, 427, 429, 432, 436, 439, 440, 441, 442, 443, 444, 448, 451, 456, 458, 460, 461, 463, 464, 465, 467, 471, 473, 474, 480, 481, 482, 483, 485, 486, 488, 489, 490, 493, 494, 497, 499, 502, 504, 505, 506, 507, 509, 510, 513, 514, 519, 520, 521, 522, 525, 527, 528, 529, 535, 536, 538, 540, 541, 552, 553, 554, 559, 560, 563, 564, 566, 569, 570, 571, 572, 576, 582, 586, 591, 594, 596, 597, 600, 601, 602, 603, 606, 608, 609, 610, 611, 612, 613]
  Score: 0.7386

Solution 4:
  Features: [1, 2, 4, 6, 8, 10, 11, 16, 18, 19, 20, 21, 23, 24, 26, 29, 30, 31, 33, 39, 41, 42, 43, 44, 45, 46, 48, 52, 53, 55, 58, 59, 63, 64, 66, 67, 68, 71, 72, 73, 74, 79, 80, 82, 87, 88, 90, 93, 97, 98, 99, 103, 105, 108, 112, 114, 115, 116, 119, 120, 122, 124, 125, 126, 127, 130, 131, 132, 133, 137, 138, 139, 140, 141, 143, 146, 147, 148, 150, 152, 155, 156, 157, 160, 163, 167, 171, 172, 173, 175, 180, 182, 184, 185, 186, 191, 197, 202, 204, 205, 206, 210, 211, 213, 214, 215, 217, 218, 219, 220, 223, 224, 226, 228, 231, 234, 236, 239, 241, 244, 245, 246, 249, 250, 253, 254, 256, 259, 260, 262, 264, 266, 269, 270, 271, 272, 276, 277, 278, 280, 282, 285, 287, 290, 292, 295, 297, 299, 300, 301, 302, 303, 306, 308, 309, 315, 316, 319, 320, 321, 322, 325, 329, 330, 332, 339, 343, 345, 347, 348, 349, 350, 351, 356, 359, 361, 364, 366, 368, 369, 371, 372, 373, 376, 377, 379, 381, 382, 386, 392, 393, 396, 397, 398, 399, 401, 404, 406, 409, 410, 413, 414, 415, 419, 420, 421, 427, 429, 436, 439, 440, 441, 442, 443, 444, 451, 452, 456, 458, 460, 461, 463, 464, 465, 467, 471, 473, 474, 480, 482, 485, 486, 488, 489, 490, 494, 497, 499, 502, 504, 505, 506, 507, 509, 510, 513, 514, 519, 520, 521, 522, 525, 527, 528, 529, 535, 536, 538, 540, 552, 553, 554, 557, 559, 560, 561, 563, 564, 569, 570, 571, 572, 576, 582, 586, 594, 596, 597, 600, 601, 602, 603, 606, 608, 609, 610, 611, 612, 613]
  Score: 0.7198

Solution 5:
  Features: [2, 3, 4, 9, 11, 12, 13, 19, 21, 23, 28, 29, 34, 35, 37, 38, 39, 40, 47, 51, 52, 53, 55, 58, 62, 64, 67, 68, 70, 73, 75, 76, 78, 80, 81, 83, 87, 90, 91, 92, 94, 96, 101, 102, 103, 105, 108, 112, 114, 115, 116, 119, 120, 122, 124, 125, 126, 127, 130, 131, 132, 133, 137, 138, 139, 140, 141, 143, 146, 148, 150, 152, 154, 155, 156, 157, 167, 171, 172, 173, 175, 180, 182, 184, 185, 186, 188, 191, 197, 202, 204, 205, 206, 210, 211, 213, 214, 215, 216, 217, 218, 219, 220, 223, 224, 225, 226, 227, 228, 231, 234, 236, 239, 241, 245, 246, 249, 250, 253, 254, 256, 259, 260, 262, 264, 266, 269, 270, 271, 272, 276, 278, 280, 283, 284, 285, 286, 288, 289, 291, 295, 297, 299, 300, 302, 306, 310, 312, 314, 315, 317, 318, 320, 321, 322, 323, 326, 329, 333, 334, 336, 337, 340, 341, 344, 353, 354, 356, 361, 364, 367, 370, 371, 372, 374, 375, 377, 380, 381, 382, 386, 387, 389, 390, 392, 396, 397, 399, 402, 403, 404, 405, 407, 408, 414, 415, 416, 417, 418, 420, 424, 425, 426, 427, 428, 436, 437, 442, 443, 444, 445, 447, 448, 450, 457, 462, 466, 467, 473, 475, 478, 485, 489, 490, 491, 499, 504, 505, 507, 510, 511, 512, 515, 517, 519, 522, 523, 524, 527, 528, 530, 531, 532, 533, 534, 536, 537, 538, 541, 542, 545, 547, 548, 552, 553, 557, 559, 561, 564, 565, 566, 567, 568, 569, 570, 571, 572, 573, 575, 578, 579, 580, 587, 590, 591, 593, 596, 597, 599, 600, 601, 602, 603, 606, 608, 609, 610, 611, 612, 613]
  Score: 0.5829

